Case file: case5

Umin =   0.976498 pu @ 3
Umax =   1.000000 pu @ 1
Angle min =  -0.664 deg @ 3
Angle max =   0.000 deg @ 1

 Bus     Pd(kW)    Qd(kvar)    Qc(kvar)      Pg(kW)    Qg(kvar)      U(pu)  teta(deg)
  1       0.000       0.000       0.000     817.779     275.611   1.000000      0.000
  2     900.000     300.000       0.000     200.000      20.000   0.978317     -0.531
  3    1500.000     450.000       0.000    1000.000     500.000   0.976498     -0.664
  4    4800.000    1100.000       0.000    5000.000    1200.000   0.982502     -0.571
  5     300.000     120.000       0.000     500.000     -10.000   0.978277     -0.288
Total  7500.000    1970.000       0.000    7517.779    1985.611

DP = 17.77939 kW
DQ = 15.61117 kvar


From  To     Pf(kW)   Qf(kvar)     Pt(kW)   Qt(kvar)     DP(kW)   DQ(kvar)
   1   2    817.779    275.611    802.513    262.206   15.26686   13.40504
   2   3    102.513    -17.794    102.281    -17.997    0.23187    0.20359
   3   4   -198.938    -99.068   -200.000   -100.000    1.06183    0.93234
   3   5   -198.781    131.070   -200.000    130.000    1.21883    1.07019
                                               Total   17.77939   15.61117

From  To    Re{If}(A)    Im{If}(A)    Re{It}(A)    Im{It}(A)
   1   2      81.7779     -27.5611      81.7779     -27.5611
   2   3      10.4949       1.7216      10.4949       1.7216
   3   4     -20.2537      10.3805     -20.2537      10.3805
   3   5     -20.5106     -13.1858     -20.5106     -13.1858

 Bus    Re{Id}(A)    Im{Id}(A)
   1       0.0000       0.0000
   2      91.7065     -31.5165
   3     153.0659     -47.8594
   4     487.4081    -116.8237
   5      30.6041     -12.4204

 Bus    Re{Ig}(A)    Im{Ig}(A)
   1      81.7779     -27.5611
   2      20.4234      -2.2338
   3     101.8067     -52.3862
   4     507.6618    -127.2042
   5      51.1148       0.7653

Re{J}(A)
               1           2           3           4           5
   2     71.2831     20.4234      0.0000      0.0000      0.0000
   3     10.4949      0.0000    101.8067     20.2537     20.5106
   4      0.0000      0.0000      0.0000    487.4081      0.0000
   5      0.0000      0.0000      0.0000      0.0000     30.6041

Im{J}(A)
               1           2           3           4           5
   2    -27.5611     -2.2338     -0.5228     -1.1988      0.0000
   3      0.0000      0.0000    -47.8594      0.0000      0.0000
   4      0.0000      0.0000      0.0000   -116.8237      0.0000
   5      0.0000      0.0000     -4.0040     -9.1817      0.0000

Active Loss Allocation (kW)
Bus/Gen      1          2          3          4          5
  2    12.9868     0.0000     0.0117     0.0087    -0.0000
  3     2.4733     0.0000     0.0000     1.2194     0.3756
  4     0.0000    -0.0000     0.0000     0.0000    -0.0000
  5     0.0000     0.0000     0.2561     0.4478     0.0000

Reactive Loss Allocation (kvar)
Bus/Gen      1          2          3          4          5
  2    12.4532     0.0000    -0.0096     0.0501     0.0000
  3     1.1872     0.0000     0.0000     0.3074     1.3117
  4     0.0000     0.0000     0.0000     0.0000     0.0000
  5     0.0000     0.0000    -0.0733     0.3846     0.0000

Total Allocated Losses
DP = 17.77939 kW
DQ = 15.61117 kvar

DPdiff =  0.00000 kW (0.00 %)
DQdiff =  0.00000 kvar (0.00 %)

